442|328
440|366
477|375
484|359
435|358
466|364
466|367
471|366
471|368
468|360
495|346
439|367
468|365
449|329
490|344
466|353
476|363
443|327
469|367
483|357
461|360
489|342
447|358
485|355
393|337
467|362
448|332
486|355
487|341
483|356
481|355
464|334
480|362
482|355
447|326
495|342
483|354
484|354
463|333
481|354
482|354
495|341
448|330
435|329
470|349
487|355
482|353
479|351
466|355
481|351
443|324
452|395
452|393
592|400
606|397
634|394
605|413
611|404
609|400
603|410
609|393
628|396
604|394
606|399
609|405
612|402
614|402
629|396
611|402
608|402
624|394
613|397
608|395
627|395
604|413
628|395
626|394
630|449
541|306
533|313
530|320
621|448
526|316
524|329
528|391
509|315
567|409
531|315
623|434
553|489
626|434
636|495
540|314
517|315
626|436
539|300
580|316
591|332
605|471
548|307
629|438
528|308
534|311
567|313
552|486
556|310
540|320
522|317
530|321
532|318
552|321
503|312
638|483
575|312
538|311
538|320
624|434
610|470
531|413
507|317
636|490
536|314
522|314
632|448
568|407
506|315
508|309
555|315
642|482
658|470
528|303
514|322
640|484
544|456
520|409
626|435
625|448
628|433
635|496
629|453
633|433
514|319
626|447
516|309
630|430
556|452
640|488
521|308
571|406
507|319
519|312
471|407
536|453
514|311
554|482
530|315
504|314
574|322
652|466
651|461
591|411
502|309
646|488
642|486
529|407
532|390
561|515
659|468
543|393
539|454
577|400
526|414
506|309
624|436
537|392
561|482
471|406
553|477
539|444
549|473
552|476
457|367
459|389
652|467
529|409
606|510
571|497
537|446
460|367
439|418
610|486
459|366
460|370
462|370
523|333
608|449
606|481
474|397
576|491
639|402
533|458
460|384
613|494
472|397
610|488
575|342
607|489
460|379
459|369
612|488
609|508
609|495
626|489
535|400
525|382
540|398
610|495
550|402
637|400
624|488
625|484
641|398
541|399
647|401
632|403
600|454
518|332
540|401
572|496
537|388
618|480
592|412
618|426
651|406
608|486
525|400
516|376
577|494
595|460
658|403
591|495
509|335
610|490
567|384
555|395
628|490
547|360
452|394
552|391
613|492
614|494
566|474
678|443
453|394
602|432
602|474
612|511
626|490
540|388
513|377
619|507
627|489
604|404
578|491
628|414
410|357
650|383
516|349
517|347
512|355
515|348
513|341
512|346
528|344
515|343
526|344
522|338
512|350
527|334
514|347
513|335
514|344
526|339
512|345
513|350
518|346
513|347
521|404
601|409
412|354
614|502
600|403
410|355
462|374
657|403
595|449
627|487
607|486
612|482
637|379
606|482
613|491
618|509
643|398
592|478
549|400
625|489
601|433
639|390
605|481
653|400
613|505
623|504
592|489
579|480
434|431
532|402
544|402
532|400
547|355
598|401
545|365
430|428
634|438
407|354
592|479
593|477
590|475
624|499
594|484
579|387
574|388
568|497
593|481
566|388
433|428
547|391
677|442
592|369
580|387
614|420
449|470
563|392
679|428
613|476
588|372
689|451
613|406
571|387
575|387
602|477
588|477
623|424
609|403
406|340
595|376
404|343
602|487
634|376
603|476
520|301
627|418
603|485
575|461
549|389
594|478
596|488
422|437
603|480
598|476
599|478
587|481
599|368
616|424
598|486
388|340
539|346
604|490
613|401
599|490
410|346
629|416
600|482
576|480
589|477
438|420
587|480
409|345
440|418
598|480
420|439
566|476
594|497
433|424
550|349
603|448
357|357
402|349
406|360
410|353
545|361
406|339
410|347
404|338
405|348
410|343
695|472
496|379
671|428
674|428
673|490
671|475
686|471
672|428
688|480
682|481
683|475
693|467
686|472
682|468
687|468
676|462
684|474
683|495
672|460
692|472
682|479
680|500
675|494
678|465
680|466
684|468
678|489
698|468
678|472
683|480
679|503
684|464
689|469
683|474
679|472
676|469
681|504
681|464
683|479
685|475
695|483
682|463
683|463
688|428
696|486
685|412
496|450
393|338
396|350
397|352
397|347
395|352
396|346
603|386
605|385
612|391
609|389
608|388
635|477
634|477
563|405
562|441
494|446
492|446
493|447
492|445
497|451
493|445
413|372
413|383
420|370
413|382
498|355
508|360
509|354
508|354
402|374
546|467
498|455
467|363
484|439
465|365
497|453
486|440
482|444
492|451
593|330
494|452
496|453
482|443
491|448
497|458
495|451
487|448
494|450
487|440
484|443
483|442
485|444
556|376
552|469
555|452
483|439
486|443
525|402
526|399
540|372
563|371
525|404
536|371
576|386
554|388
560|391
527|403
525|403
528|401
521|406
529|406
535|371
566|393
455|395
498|430
566|376
562|369
515|399
528|399
515|414
529|400
550|442
529|405
525|368
529|403
453|393
457|393
493|345
459|388
492|416
499|417
469|396
466|393
525|466
678|416
457|384
576|341
533|453
572|342
516|315
495|507
507|420
577|410
652|516
510|321
503|325
578|409
492|405
519|333
504|420
508|322
578|408
517|309
507|334
535|410
507|399
500|333
480|402
481|400
506|332
585|407
533|403
545|396
534|408
505|398
479|401
477|401
471|403
521|331
427|313
516|332
536|559
477|402
472|405
471|402
615|527
536|564
480|400
481|401
515|322
536|407
478|399
478|400
501|423
472|404
492|404
609|518
510|405
497|403
526|322
470|404
465|366
472|402
616|439
473|403
476|403
514|320
508|400
549|402
617|469
609|515
478|402
555|494
474|399
570|385
573|383
469|400
506|389
462|361
476|400
514|325
508|401
473|398
478|394
609|514
572|374
460|371
502|396
577|383
612|526
476|399
489|403
505|395
470|398
475|399
615|424
458|371
469|399
608|515
466|370
501|390
586|380
476|395
476|398
556|493
566|387
616|521
472|400
501|396
456|395
572|373
515|393
579|380
461|372
474|400
575|382
602|409
584|386
602|386
512|356
516|341
517|345
518|343
517|338
518|349
510|348
517|346
518|345
517|343
517|342
456|386
586|481
476|397
613|499
606|455
566|478
478|396
592|402
609|404
611|496
573|390
607|445
440|419
460|358
599|452
549|360
580|476
578|477
577|481
586|474
635|439
595|461
572|479
587|476
594|380
618|394
587|475
574|468
572|477
641|406
613|475
576|465
562|393
597|457
584|469
625|506
597|475
569|478
627|415
589|478
612|472
600|487
613|444
596|475
590|479
615|439
580|330
474|438
687|478
579|464
527|375
597|382
580|468
608|483
616|473
532|481
621|482
548|354
555|336
528|418
591|381
395|329
554|353
543|355
609|438
619|461
620|473
687|475
694|479
545|348
555|491
692|477
561|449
562|449
563|466
553|447
551|466
558|448
559|448
557|454
560|449
539|468
558|447
559|467
553|464
543|468
559|446
563|447
560|447
689|474
597|478
687|474
691|476
476|300
549|407
532|406
608|389
534|410
564|430
551|409
547|407
589|411
642|422
588|415
586|410
553|402
608|347
569|432
548|454
464|440
462|429
532|415
644|366
539|378
573|338
465|431
569|333
563|416
551|411
538|388
525|413
636|420
465|430
494|328
467|439
541|365
588|421
510|326
596|434
547|450
665|400
479|446
469|440
544|380
505|349
466|431
512|325
595|420
538|368
469|439
479|444
472|440
499|345
599|329
548|374
541|366
495|452
508|351
542|367
472|439
471|438
542|376
467|429
500|385
471|437
470|432
544|381
479|443
479|440
468|429
574|331
508|326
604|333
463|427
501|368
500|370
468|389
467|402
453|399
471|363
473|366
466|401
467|395
501|417
456|399
449|396
468|404
467|397
468|395
498|423
486|417
490|418
467|401
466|390
470|363
496|415
568|320
498|321
504|371
418|377
378|385
374|408
356|391
351|390
348|389
380|385
371|375
353|388
349|390
354|391
357|396
347|389
369|364
352|388
377|388
392|418
376|389
372|407
347|367
352|389
352|391
426|367
366|366
373|376
344|388
374|374
343|391
351|391
347|378
364|364
377|391
350|389
362|398
367|375
364|397
376|391
373|402
375|407
370|376
362|368
350|377
370|366
374|405
357|387
360|408
373|392
361|408
359|408
358|395
366|370
372|365
377|363
352|373
343|375
348|381
364|367
368|380
365|366
353|382
371|394
396|416
366|386
361|371
368|379
349|383
366|387
359|407
369|369
342|375
348|382
363|380
357|372
362|401
344|384
367|373
373|372
344|382
350|376
335|381
351|385
347|383
370|408
342|387
370|378
342|390
373|362
372|383
366|362
376|406
369|372
343|381
360|374
347|387
349|389
371|382
339|382
355|385
356|371
368|383
361|362
348|387
344|381
342|389
367|383
374|398
377|398
341|381
369|371
360|373
428|369
372|361
369|382
353|375
372|380
354|385
369|380
376|381
377|381
370|370
354|374
370|381
455|309
348|376
372|367
348|380
348|372
370|368
342|377
348|368
347|370
357|370
343|373
373|371
372|371
358|374
365|372
360|368
369|374
443|382
346|375
351|379
362|367
350|374
337|374
349|374
358|376
370|373
588|427
591|452
589|448
480|431
494|427
494|445
490|441
498|444
488|436
498|441
491|438
493|433
493|438
490|438
489|430
495|444
491|441
489|440
498|433
496|431
490|436
481|430
483|438
483|437
493|443
493|442
491|429
578|434
586|450
578|441
585|450
584|449
498|408
589|451
586|446
583|438
585|456
584|451
592|427
580|436
582|449
485|435
585|429
578|438
489|438
589|447
573|439
588|449
488|438
591|427
586|448
585|438
584|438
495|434
575|441
489|436
493|439
585|449
487|438
495|426
484|426
495|439
490|442
497|430
488|427
583|436
531|460
530|460
529|458
531|463
532|461
478|431
474|429
508|462
410|385
392|335
408|387
464|402
518|445
487|439
510|444
507|443
528|457
470|405
513|442
485|437
516|444
420|352
511|441
394|362
422|351
464|403
395|359
407|371
508|441
639|538
512|441
516|441
641|538
421|351
486|433
408|373
406|373
403|374
510|441
648|441
513|438
500|456
514|441
518|442
639|544
398|359
640|544
404|371
513|439
513|440
572|518
405|372
404|374
405|371
473|428
394|359
658|454
408|371
515|437
658|451
466|428
468|434
522|438
398|356
464|431
390|361
425|356
626|474
424|352
621|460
620|490
623|464
471|430
620|468
398|355
613|487
615|490
399|355
616|488
623|483
617|493
630|475
623|459
618|481
628|480
626|477
477|428
470|429
627|460
626|476
625|462
387|362
473|427
628|470
616|484
627|483
475|429
626|464
630|490
623|489
628|491
624|478
619|457
622|474
629|466
625|491
628|483
468|431
622|459
623|482
621|475
631|470
621|486
628|466
629|461
397|355
622|460
622|471
628|474
624|459
625|476
631|469
620|475
619|460
628|468
628|488
625|481
629|486
392|358
615|484
634|480
631|467
618|470
627|476
624|489
616|494
621|462
624|482
621|489
397|354
623|458
627|467
632|487
622|465
631|488
626|479
621|464
626|470
623|448
617|480
615|480
627|470
630|486
626|465
425|437
624|463
509|338
503|340
502|342
504|342
497|341
509|336
502|341
501|344
498|340
492|353
626|461
620|465
625|480
629|474
628|481
626|471
624|491
623|461
624|483
635|478
624|472
620|478
623|478
617|492
624|475
381|365
624|490
621|465
618|482
629|488
385|362
617|482
470|425
540|490
623|462
625|450
624|480
627|466
626|484
394|354
622|462
396|353
444|422
630|489
382|359
404|350
385|355
387|353
385|353
386|353
579|513
630|427
667|422
642|427
634|385
639|384
632|428
670|420
665|476
641|435
679|426
669|429
640|385
639|436
576|485
545|392
636|419
629|377
682|421
669|425
639|418
671|421
640|432
633|384
520|470
663|470
643|431
654|468
479|324
567|487
666|475
517|472
515|473
703|507
677|486
523|484
514|473
520|468
697|492
573|483
675|482
524|480
677|480
681|485
702|497
522|479
681|482
521|478
663|494
666|427
651|410
662|430
662|431
685|433
675|431
665|427
685|432
656|415
658|428
678|424
680|426
663|426
682|430
684|435
684|425
675|426
651|417
677|437
670|509
669|492
580|490
669|502
680|470
523|474
620|401
516|471
672|407
523|473
669|493
517|470
520|474
668|504
566|469
522|472
522|471
513|478
671|490
510|480
520|471
517|473
497|364
482|359
522|355
516|359
525|352
496|364
492|365
523|346
490|369
525|355
464|377
522|360
524|353
523|355
493|365
488|362
495|364
523|356
520|359
514|358
496|369
426|426
467|377
366|442
361|447
491|366
462|376
466|378
491|362
461|381
513|358
529|348
445|389
519|360
519|354
573|499
494|363
485|364
588|503
515|306
531|307
529|313
505|307
495|304
512|298
504|313
514|332
500|302
511|456
613|528
507|324
586|385
545|564
541|566
514|324
596|401
570|384
619|524
544|566
632|385
470|379
549|564
593|382
559|495
546|398
616|509
510|347
510|343
510|346
579|381
538|348
612|445
545|403
577|478
582|474
546|348
606|405
580|481
572|475
580|472
584|476
634|425
595|455
629|418
578|472
580|470
474|433
475|436
537|491
536|489
534|489
620|460
563|468
618|455
625|465
625|464
573|474
621|458
597|477
544|322
622|457
347|396
354|386
341|395
359|379
370|371
344|400
340|394
382|366
403|332
533|409
359|373
625|383
362|373
528|388
456|445
577|511
536|466
678|428
562|483
579|514
535|468
537|395
398|361
402|358
531|464
532|469
534|464
523|411
463|354
380|368
419|338
532|391
534|468
438|356
450|320
379|367
391|364
446|439
537|346
474|454
335|416
454|420
493|458
539|392
611|492
408|356
494|454
453|467
333|406
466|432
585|359
492|458
393|358
508|303
382|363
461|424
394|360
441|308
387|361
517|375
568|350
450|461
391|357
423|350
391|358
390|356
574|349
490|449
472|445
467|423
524|362
589|350
481|448
388|357
389|348
429|311
391|356
504|300
353|366
667|417
461|426
381|346
390|357
386|350
585|364
579|352
388|356
612|393
442|360
547|453
372|343
460|424
549|314
488|449
542|453
481|446
527|369
386|330
443|415
532|401
535|369
531|368
541|361
451|423
442|444
526|373
529|396
534|369
443|443
560|375
638|377
597|377
528|406
596|378
638|375
587|357
559|400
586|356
669|426
604|376
573|369
469|417
524|346
546|395
597|376
668|418
407|372
512|365
531|362
521|363
659|490
659|494
665|497
583|360
585|362
579|366
523|343
661|490
585|366
628|389
626|385
585|365
584|356
655|495
518|351
661|493
579|357
584|362
633|420
581|358
659|489
520|351
634|389
520|344
660|490
431|440
459|421
441|426
570|354
483|450
436|425
400|377
411|376
525|367
626|496
532|364
533|365
550|360
405|376
525|364
532|399
574|353
465|423
523|365
450|425
528|362
528|364
524|365
530|363
391|342
610|377
526|371
527|371
524|368
580|348
449|421
437|424
552|384
430|417
537|404
525|370
514|301
409|390
391|368
554|317
381|345
538|370
533|370
534|370
551|354
453|424
554|354
554|352
401|360
554|355
533|350
377|348
398|362
530|369
560|357
556|344
406|374
559|457
567|458
403|378
447|421
537|400
524|372
454|418
556|351
380|344
534|367
405|360
406|437
450|444
567|344
395|370
524|371
443|423
454|437
548|453
391|370
401|366
409|374
445|445
437|426
451|443
436|424
407|364
396|367
394|369
390|343
432|415
387|345
407|367
403|381
391|380
398|372
396|385
392|381
388|374
397|368
403|388
402|388
393|369
395|385
403|386
386|371
395|383
395|379
401|388
402|381
381|370
399|385
399|379
385|364
388|378
391|379
393|377
390|366
379|364
422|376
455|365
455|367
432|371
432|370
430|370
452|363
450|366
451|363
446|362
454|359
451|360
464|359
447|361
446|364
441|361
436|365
441|362
466|357
444|366
438|365
430|361
470|356
464|358
444|357
434|363
457|364
428|364
447|367
454|358
457|356
454|355
445|365
430|369
465|356
443|356
450|360
448|355
437|353
438|361
464|355
443|359
440|352
438|359
441|349
442|352
440|350
445|352
442|353
490|384
489|384
485|382
485|381
489|378
493|377
480|380
495|378
480|378
486|374
489|370
433|384
410|397
487|368
488|367
485|366
412|395
417|391
422|387
435|332
436|327
484|351
396|424
393|421
399|413
396|412
382|423
391|410
390|412
380|423
390|410
457|386
453|370
452|388
439|386
425|391
454|380
433|387
485|397
451|369
430|392
450|374
477|390
482|385
462|383
458|390
454|371
453|377
459|383
454|375
452|371
447|379
432|384
491|385
457|373
451|377
443|374
487|389
477|388
478|385
481|385
427|386
444|385
473|387
463|388
440|374
470|386
443|366
494|396
493|401
488|379
476|372
489|402
480|375
494|405
465|360
489|406
497|405
496|401
485|374
464|337
456|349
488|371
491|376
471|350
480|368
497|406
465|345
491|379
482|366
495|395
488|395
472|343
489|377
476|347
498|396
496|396
435|339
472|347
485|393
464|345
488|375
491|402
475|392
464|346
439|337
435|349
431|347
437|337
441|346
463|343
481|372
482|394
487|386
439|346
435|348
437|335
489|393
431|346
426|371
439|336
488|381
484|388
491|375
491|390
480|376
489|396
435|350
434|343
437|343
442|337
430|347
475|340
477|377
433|350
433|349
430|346
428|336
433|340
475|347
436|332
438|325
441|330
443|330
428|348
440|331
434|338
474|353
427|352
471|349
465|341
466|341
442|329
438|401
425|392
430|404
435|400
427|399
433|403
431|404
450|400
426|392
427|384
434|401
422|394
422|393
422|386
441|385
428|387
452|370
434|382
433|380
457|369
428|379
436|378
413|401
427|380
430|382
423|383
427|381
422|380
434|381
434|374
431|380
424|379
425|376
426|375
456|369
435|374
412|408
438|390
488|349
418|400
448|382
490|348
460|349
442|381
448|347
413|399
437|382
440|380
433|382
439|380
438|379
425|385
433|381
441|377
444|375
433|378
439|378
434|378
447|344
431|378
446|369
463|337
435|372
461|336
442|369
443|368
449|347
483|360
438|369
464|363
406|384
457|360
421|372
406|380
404|378
390|389
458|352
489|349
490|349
460|348
467|350
513|400
416|370
416|382
409|364
405|364
414|372
406|363
423|368
419|370
416|380
410|427
410|425
413|384
413|365
416|360
409|371
424|359
429|360
421|368
414|374
416|368
418|357
407|369
413|377
407|363
418|356
425|357
410|366
557|399
651|438
650|438
653|444
648|437
602|427
629|359
653|413
604|468
592|441
542|429
518|466
552|423
624|432
568|426
515|471
601|426
629|362
656|402
540|426
507|320
605|429
496|405
609|411
624|355
423|361
423|363
417|370
656|403
425|355
428|361
431|359
420|356
409|363
446|382
630|383
431|449
404|377
405|367
405|375
402|363
394|366
403|360
576|517
658|545
453|343
472|456
415|322
483|443
533|332
514|363
551|378
559|350
560|348
552|342
569|454
440|361
543|344
384|369
494|387
430|325
497|454
568|506
455|353
570|506
338|409
570|500
568|500
571|506
569|500
632|384
522|363
513|366
554|378
552|355
459|420
587|367
551|358
559|357
552|357
566|348
545|451
551|349
554|351
577|325
541|344
569|376
566|451
553|367
382|361
492|385
445|336
661|549
574|507
576|507
499|453
334|414
332|416
503|451
499|452
496|452
522|366
579|510
513|360
568|507
635|416
523|359
551|383
556|367
551|367
527|314
402|360
592|451
452|423
396|364
554|460
554|372
554|376
561|386
549|390
562|395
549|345
478|497
426|434
498|399
554|461
548|463
542|465
540|466
536|465
526|462
496|395
527|465
547|461
527|475
513|397
521|469
478|319
552|335
522|460
514|433
437|348
616|428
563|369
458|415
454|416
655|442
653|441
467|318
552|361
491|389
596|466
589|463
589|467
589|464
595|470
594|467
590|465
436|346
615|427
522|456
561|342
563|366
551|413
669|462
564|385
677|467
671|463
514|392
555|364
520|469
517|434
673|465
525|464
555|495
435|427
457|349
563|379
513|551
459|346
590|414
548|455
415|358
538|462
555|496
473|311
477|314
541|466
666|453
516|387
469|325
539|462
531|456
516|468
583|396
510|449
501|450
508|467
394|353
483|321
498|317
527|458
524|477
567|372
544|465
534|414
476|315
561|374
472|313
409|386
514|430
569|429
524|460
519|385
498|326
643|422
389|347
357|358
575|476
480|314
517|445
408|454
545|464
509|445
434|398
583|394
514|398
492|391
670|466
676|468
515|400
414|356
580|405
554|455
615|429
676|438
429|430
470|313
610|503
481|318
561|371
464|369
519|402
546|407
404|453
571|430
520|456
484|316
457|348
481|322
482|315
373|416
556|410
413|351
615|368
379|337
554|441
595|413
557|450
417|375
362|433
475|322
479|322
363|433
614|428
623|455
581|381
562|475
505|324
547|399
576|487
563|337
594|400
559|450
475|321
470|325
413|354
445|422
451|461
475|319
669|471
481|319
468|445
666|452
484|315
500|410
614|398
525|459
376|382
492|320
536|528
529|421
567|342
396|388
498|320
544|399
499|321
602|401
467|367
550|493
681|519
506|437
488|386
553|332
517|441
470|316
636|363
498|308
418|374
636|431
359|433
536|462
362|435
470|367
407|450
362|370
677|438
556|360
475|320
360|443
571|485
575|473
516|440
370|428
504|323
572|488
493|449
478|450
469|366
450|342
584|389
428|415
580|484
563|480
592|357
541|422
576|431
565|428
468|367
528|476
467|317
460|317
500|320
530|422
458|453
577|432
685|451
546|429
675|469
527|468
593|359
496|445
429|336
456|442
561|474
667|495
624|347
482|466
545|448
557|496
598|393
597|392
483|466
626|455
628|357
484|451
576|488
568|369
468|442
574|486
515|389
542|418
544|419
453|415
456|414
469|432
379|353
564|336
454|415
354|425
637|428
547|403
512|446
396|340
524|458
675|470
481|463
687|456
456|443
537|396
390|416
575|490
581|490
459|342
383|351
563|376
690|511
428|357
378|353
541|416
497|443
456|417
534|453
578|386
519|439
430|415
603|409
379|343
535|394
392|329
522|419
565|430
512|438
460|323
449|434
686|515
569|363
595|424
376|418
383|417
471|448
602|408
572|490
571|466
545|417
571|418
495|317
412|347
561|330
477|443
558|501
614|360
530|403
574|485
568|433
634|356
570|432
513|445
553|408
631|460
559|367
518|468
473|327
570|481
569|427
477|442
580|397
615|393
485|323
509|466
575|491
641|430
484|466
569|430
640|414
514|552
514|547
541|446
561|406
458|440
572|485
487|327
591|352
440|409
474|441
473|442
412|349
483|465
573|418
565|484
514|437
431|358
665|462
542|471
606|418
559|411
402|380
657|482
516|442
485|467
553|453
592|353
558|500
529|386
354|419
486|467
680|463
580|369
387|415
514|436
680|461
517|440
577|421
385|347
560|366
518|446
378|349
465|438
411|454
561|359
572|364
540|410
555|457
376|361
657|483
658|466
579|432
380|343
559|496
555|369
409|385
489|399
468|380
493|398
491|400
486|404
473|395
487|405
505|388
488|400
521|370
628|385
492|403
454|397
644|394
489|411
491|403
622|395
650|409
488|410
465|392
627|383
574|382
528|386
509|372
489|408
542|386
489|404
449|381
486|401
451|380
501|395
485|400
580|378
369|439
465|393
509|395
514|387
472|394
486|390
520|410
503|392
543|364
660|414
636|382
633|412
509|387
504|395
502|389
473|379
521|377
491|399
507|394
633|380
468|393
454|446
517|408
469|346
572|430
565|332
449|405
543|463
512|473
682|465
459|318
624|367
570|425
572|426
682|464
402|387
552|405
426|413
553|393
523|415
479|303
566|341
553|427
592|396
575|418
681|458
574|415
637|447
684|469
557|500
486|462
572|482
454|443
541|442
619|407
522|457
476|439
590|382
382|415
568|421
499|454
504|466
684|460
539|471
591|393
527|459
461|453
683|452
445|460
495|303
454|302
560|406
488|462
552|462
553|445
482|329
477|323
483|329
478|461
557|455
684|443
523|413
547|435
485|408
567|407
573|337
386|410
572|433
516|433
461|324
376|345
543|452
590|363
485|457
573|417
468|428
472|451
653|470
477|407
545|423
553|456
428|325
477|436
598|395
517|435
488|458
547|469
461|323
528|433
688|457
689|441
548|446
523|410
576|433
371|363
547|467
537|351
480|438
456|341
653|450
607|424
639|488
585|396
545|456
594|343
497|469
669|458
552|453
553|442
411|385
472|426
643|465
638|452
654|449
556|439
548|448
497|363
425|346
669|558
478|367
575|519
663|574
490|379
670|557
670|558
493|453
670|556
478|371
672|555
506|419
410|325
507|473
682|547
453|348
338|407
335|408
507|471
477|447
493|448
504|414
514|470
512|469
471|450
470|444
497|467
501|443
477|427
490|435
509|345
474|418
506|414
478|441
488|445
486|444
537|407
477|433
593|443
592|458
568|516
470|447
466|405
594|454
466|434
500|471
499|467
542|336
411|374
465|434
541|315
535|348
555|371
578|388
560|369
556|374
552|373
557|370
537|334
556|456
574|387
597|492
486|445
565|399
596|439
667|593
529|419
334|418
658|581
517|406
528|467
577|518
666|573
532|418
666|572
664|582
447|320
515|418
328|409
669|559
505|443
662|579
516|470
506|444
513|412
509|465
479|435
575|501
510|464
511|463
544|452
562|485
574|356
576|492
577|492
574|502
579|487
540|495
546|545
576|531
575|531
519|520
553|539
528|545
582|441
519|524
531|522
531|545
515|522
529|544
516|524
521|523
527|523
602|413
549|501
579|536
551|543
549|544
525|522
573|531
601|416
549|543
617|397
602|412
561|447
601|415
524|524
582|447
574|446
579|447
599|414
578|530
402|377
571|528
598|413
556|500
598|417
524|527
597|410
524|525
539|520
521|530
597|476
538|523
578|450
554|501
521|524
576|535
532|519
567|450
552|550
573|532
528|521
568|451
637|523
608|421
555|505
572|532
550|496
546|497
529|520
564|513
532|520
575|534
542|544
543|493
552|501
543|540
542|535
574|454
638|522
566|454
530|520
547|501
580|456
551|505
635|520
544|503
526|521
562|513
522|522
582|438
567|389
637|519
634|523
559|510
634|524
634|521
547|510
571|438
581|438
553|502
546|510
595|416
568|389
564|511
567|464
538|547
541|545
540|545
503|452
633|516
600|423
563|522
595|423
562|514
573|503
560|512
630|517
633|520
625|515
629|517
552|496
502|455
511|523
620|508
552|465
536|494
394|349
538|545
616|514
558|524
498|462
627|524
569|497
570|496
574|511
578|497
574|509
460|331
503|441
543|417
461|330
560|533
566|548
617|521
547|498
533|523
544|517
547|507
555|537
577|438
408|357
509|396
461|331
570|464
528|501
509|394
528|547
624|522
579|441
539|323
528|458
519|542
523|542
543|517
512|395
507|456
503|460
544|518
407|454
512|399
525|323
566|443
627|514
582|439
505|459
511|423
577|439
505|464
519|460
513|423
554|536
615|517
506|402
513|424
509|425
515|457
516|452
527|461
564|534
550|377
549|552
527|462
661|568
531|525
465|435
556|524
524|354
511|403
544|516
478|434
405|440
537|406
636|501
595|439
585|437
558|523
549|380
519|449
553|337
507|429
582|440
645|562
520|445
520|463
557|523
506|405
559|536
559|542
516|428
559|538
504|454
464|436
513|404
688|517
540|514
552|523
565|516
555|544
557|537
543|520
558|551
558|571
559|533
557|366
683|517
558|520
522|465
545|516
558|542
544|549
561|512
552|526
527|406
521|453
407|444
525|346
557|521
511|405
551|525
514|550
599|519
536|404
505|408
525|467
547|550
558|519
500|402
555|543
555|535
664|576
563|516
555|539
513|373
551|520
535|498
528|468
559|520
554|543
528|346
501|465
509|373
560|523
525|365
557|512
518|467
565|522
550|527
551|366
532|385
499|414
520|366
543|548
511|413
526|468
554|515
521|468
529|507
561|517
521|364
550|514
505|405
499|416
530|367
555|522
529|387
561|518
474|367
524|343
537|345
528|354
531|342
531|353
665|565
553|522
556|514
506|366
509|346
509|344
493|353
515|352
508|347
510|353
492|352
500|353
509|348
507|369
507|342
501|351
504|346
521|357
499|348
518|355
505|343
501|369
506|347
492|356
515|353
503|354
515|359
498|351
518|367
510|415
532|372
525|374
528|357
523|469
515|458
515|369
509|365
512|407
541|400
518|469
518|357
526|470
523|470
511|379
511|367
514|546
531|389
512|465
658|564
516|373
517|369
520|378
687|525
520|368
507|403
470|401
506|470
510|466
528|359
526|471
525|471
654|585
550|549
513|371
537|374
521|361
520|365
505|418
547|573
516|369
531|412
523|360
520|362
523|367
329|409
499|362
693|516
517|372
660|560
503|442
627|507
462|357
337|408
534|461
502|443
329|410
522|362
521|362
659|575
532|367
556|567
518|372
423|462
660|572
520|407
518|371
654|574
515|368
528|366
523|366
524|475
661|564
494|361
333|414
334|410
526|417
526|365
335|409
331|416
330|408
654|558
513|372
523|523
336|413
525|536
700|503
496|363
654|557
523|526
657|568
663|555
658|565
668|592
423|463
527|414
650|578
660|578
698|538
482|352
656|565
524|419
656|554
659|558
531|414
526|411
575|518
523|421
489|357
571|503
581|501
579|498
598|496
596|490
598|495
593|485
517|525
521|529
617|413
615|413
617|414
618|410
619|411
615|410
612|415
451|482
539|540
542|540
601|499
559|501
618|528
651|530
587|578
504|531
501|531
498|532
344|414
535|509
536|500
544|489
526|523
572|493
565|491
567|492
513|555
519|555
538|533
588|434
530|483
531|528
551|515
573|486
511|471
546|534
613|515
535|487
545|533
614|512
538|532
537|530
545|536
544|533
602|429
567|414
559|412
515|475
544|535
566|415
543|491
538|503
562|465
541|492
576|419
566|416
549|417
532|493
561|415
511|483
562|416
501|481
537|501
521|480
558|464
505|501
520|485
538|500
534|487
574|421
539|501
563|465
533|495
560|468
529|502
564|468
538|502
562|470
537|500
574|422
560|418
562|466
563|467
568|470
560|419
513|486
555|420
686|548
514|408
558|472
610|535
557|421
534|500
681|532
599|524
565|469
557|422
568|482
538|472
512|410
532|526
529|431
557|474
556|424
610|536
685|540
520|413
630|596
566|427
633|590
559|476
617|581
558|486
676|534
627|598
513|411
561|485
510|414
559|478
557|482
547|412
564|429
548|477
555|481
558|478
553|479
607|535
605|538
556|483
602|538
593|525
555|437
628|528
627|535
557|483
591|519
592|523
516|418
563|441
566|432
593|524
553|434
627|533
628|532
627|528
568|439
518|416
570|498
558|479
582|528
604|522
549|490
525|418
559|484
565|434
556|485
563|497
597|530
507|415
551|439
519|420
519|397
569|436
562|442
565|435
570|504
563|445
566|498
565|497
567|437
600|544
567|436
578|503
552|433
553|432
550|581
562|486
570|501
619|535
621|534
546|485
549|432
553|433
562|497
584|424
544|486
594|422
562|494
521|421
581|527
560|493
531|427
566|505
681|545
545|483
564|487
545|484
676|535
641|550
597|541
592|401
563|495
564|491
551|578
616|500
566|502
570|510
563|491
587|529
545|485
561|497
569|509
594|546
542|488
561|496
558|485
566|510
600|529
561|494
564|494
546|501
579|430
542|529
623|519
536|493
628|542
564|496
540|501
613|511
541|408
597|542
551|415
602|516
586|420
551|422
550|434
546|435
549|433
556|436
549|438
543|441
542|437
549|440
545|439
542|438
541|440
550|447
543|446
556|449
552|448
543|444
546|445
569|502
571|502
575|505
570|511
576|510
674|434
667|429
659|433
666|439
661|456
662|434
658|436
669|440
669|436
665|438
658|430
564|483
550|551
599|550
601|527
593|537
534|582
542|495
599|532
553|553
627|502
538|496
505|511
597|538
627|517
544|496
553|552
552|498
546|526
549|503
650|543
595|534
554|552
585|560
548|492
558|422
579|546
540|522
588|559
584|550
541|499
552|505
618|504
560|423
553|495
556|494
575|548
582|549
567|422
545|526
645|549
586|558
594|535
575|550
551|533
555|425
558|496
578|490
642|545
550|429
535|342
586|559
563|427
641|549
551|534
560|429
648|400
568|547
559|435
638|504
556|546
636|499
550|538
532|479
517|556
566|433
650|552
634|499
648|552
568|438
635|504
634|501
561|437
567|438
547|546
629|506
639|400
643|408
644|549
627|363
576|499
595|521
581|473
578|471
640|524
664|414
613|352
546|541
619|543
566|395
593|480
620|500
645|384
633|544
588|490
586|489
596|486
690|508
582|344
579|479
630|372
584|485
535|532
637|365
632|530
620|373
664|516
618|372
513|479
577|399
586|516
588|354
598|354
598|386
590|495
590|355
581|382
618|365
686|462
608|386
616|364
575|404
658|522
630|551
659|458
661|455
618|366
649|527
650|522
579|409
536|440
594|358
650|530
660|518
609|383
563|390
581|385
612|374
588|518
623|381
572|353
582|477
516|489
565|401
590|517
658|520
513|490
591|366
561|353
664|436
446|445
629|374
517|494
614|376
631|540
581|483
516|402
582|490
597|391
617|380
515|476
515|491
512|489
583|480
521|492
509|489
539|526
626|374
622|529
612|359
591|494
595|492
654|516
643|518
630|538
581|496
629|534
517|475
652|518
599|495
543|471
606|361
608|345
589|483
546|456
592|488
664|456
652|456
668|456
662|452
593|492
673|449
664|451
553|455
554|459
514|493
545|470
577|357
579|494
579|369
661|512
604|344
584|491
556|398
558|405
626|376
591|493
577|482
672|559
576|484
579|495
594|499
622|528
600|344
516|393
642|483
657|540
639|485
639|465
637|496
625|449
668|557
610|493
629|512
685|534
705|498
636|515
656|398
622|550
679|544
670|475
617|519
618|546
621|551
588|493
659|420
650|505
583|497
581|494
629|499
633|503
593|493
594|496
645|505
632|505
582|494
582|495
590|497
647|507
394|383
648|474
642|576
636|559
640|571
641|510
671|570
645|487
619|522
645|512
649|514
650|507
651|502
649|504
672|577
631|508
670|575
641|512
653|572
654|572
646|504
636|506
632|507
673|570
639|512
639|569
644|566
672|571
644|490
638|508
572|368
404|388
588|496
399|388
637|507
689|543
596|491
657|399
590|502
639|567
621|543
623|533
653|486
654|486
578|363
411|387
619|528
696|553
615|509
645|515
594|479
584|481
676|566
417|386
627|567
649|476
645|481
640|511
628|567
647|505
592|482
693|552
692|561
580|485
649|484
623|544
594|520
406|391
592|483
684|553
692|554
590|483
691|566
680|565
661|522
417|384
407|393
585|378
408|394
645|484
690|548
622|548
675|580
624|548
657|522
671|511
619|548
673|580
651|485
679|560
650|535
679|557
675|584
677|588
676|555
671|597
671|589
666|599
672|592
672|594
665|554
666|590
681|556
670|586
671|587
673|588
676|553
677|558
675|591
668|507
669|590
629|540
676|585
649|531
675|582
666|550
674|598
671|593
665|591
671|579
632|532
653|533
674|575
667|578
665|549
669|594
665|589
627|539
648|530
631|541
650|531
653|534
673|591
666|548
675|581
675|599
670|590
661|589
668|589
629|521
595|488
650|516
687|566
632|522
589|485
602|520
665|584
592|485
686|554
411|389
595|484
588|495
659|462
667|471
593|486
592|517
627|544
629|542
631|539
417|392
594|485
645|596
677|573
595|491
625|438
594|481
667|453
622|439
618|433
624|437
623|426
587|483
654|455
630|440
595|482
584|475
652|461
670|435
645|455
672|452
621|429
626|425
599|472
654|517
677|572
677|568
667|477
671|479
582|482
651|520
649|499
650|500
582|480
436|390
686|562
652|523
646|527
687|544
422|397
648|548
593|383
583|483
585|481
418|402
647|503
669|567
639|499
623|529
669|557
675|463
582|488
413|381
656|400
676|418
624|444
509|475
508|465
487|475
484|468
480|480
516|473
480|461
504|465
517|499
514|472
510|494
488|484
487|485
457|490
500|465
494|485
481|479
502|467
483|476
509|516
447|452
532|482
531|481
480|465
537|479
528|488
534|480
529|488
530|480
537|483
534|483
533|483
529|479
530|484
531|479
528|487
529|480
527|483
537|482
535|486
530|479
535|482
536|486
531|483
534|484
528|486
529|485
569|337
485|483
506|476
451|455
534|520
507|513
519|496
453|455
425|322
504|514
503|510
485|477
424|316
466|469
481|485
497|486
432|322
449|458
518|504
520|502
506|492
474|480
504|511
495|488
538|519
539|519
490|512
518|502
503|512
490|467
512|507
447|459
505|514
475|357
478|355
443|435
538|510
515|524
457|431
532|517
535|521
465|473
479|357
516|499
472|361
441|443
536|505
484|475
514|497
481|361
443|441
442|442
495|485
518|476
473|472
441|442
471|470
478|360
537|506
452|488
479|496
482|361
493|486
445|441
534|518
431|414
528|517
476|362
425|416
476|364
485|485
485|361
473|477
446|441
483|361
476|358
480|481
518|505
536|508
456|485
491|482
482|362
503|473
480|364
506|475
506|491
534|508
459|439
459|332
482|486
482|488
478|489
513|480
460|487
491|486
408|390
455|478
513|522
468|369
480|365
484|362
513|518
433|352
478|330
506|485
469|491
507|486
402|382
504|484
504|494
508|497
506|486
405|381
379|397
528|478
458|374
486|395
507|492
444|324
542|496
487|399
451|324
499|399
505|502
510|488
451|325
441|376
538|489
531|486
457|374
482|365
450|331
425|337
414|336
536|488
395|391
448|333
471|385
508|517
528|485
459|352
500|516
502|513
466|337
488|327
409|336
469|338
464|336
419|334
497|333
510|407
468|337
470|331
423|335
466|326
423|328
482|343
469|330
478|333
483|343
509|421
470|338
509|420
421|333
534|492
460|321
488|500
514|510
530|490
454|337
534|493
516|512
512|510
504|407
427|323
378|420
517|515
514|513
510|510
387|404
506|504
504|408
428|321
425|329
408|335
384|415
418|326
496|416
504|510
468|355
418|323
495|407
435|529
497|387
420|326
428|353
497|385
476|342
437|350
423|327
495|386
407|394
417|331
414|357
422|325
415|359
438|343
423|323
495|387
433|356
411|331
468|359
419|329
466|440
419|328
440|427
425|331
400|338
439|344
439|353
448|322
422|329
503|419
441|421
473|358
424|331
424|330
421|328
474|358
481|393
425|330
485|375
468|437
426|332
404|364
560|452
427|433
477|438
482|395
397|408
499|391
470|385
541|501
565|458
441|408
492|397
479|392
480|394
473|441
415|361
473|394
543|501
471|353
519|395
461|438
411|362
461|352
502|395
458|355
439|408
439|409
439|407
506|404
402|365
487|332
510|402
437|409
512|408
573|488
538|506
477|356
495|447
506|406
499|442
416|359
524|504
466|446
471|354
510|404
486|362
509|404
476|355
456|353
508|403
509|406
547|449
554|443
491|398
455|417
489|439
484|363
473|361
527|395
509|405
464|356
473|456
483|362
447|416
513|446
473|362
458|387
467|371
485|362
567|446
469|359
502|405
507|406
559|488
522|535
520|505
524|506
550|479
545|476
551|484
558|541
540|480
545|479
544|543
524|515
522|518
558|528
558|517
547|525
529|523
537|518
546|514
538|511
553|507
546|516
551|530
547|516
545|514
546|475
543|532
543|516
554|483
549|488
544|482
546|470
557|579
538|524
551|480
550|476
476|485
543|478
479|483
550|487
470|484
546|473
539|477
541|476
476|477
550|483
549|479
545|474
544|476
551|483
538|480
544|478
523|529
530|510
507|502
501|509
504|523
503|511
509|513
597|396
476|476
429|358
427|356
418|361
560|340
416|364
432|357
450|478
414|368
411|367
422|360
413|376
412|370
453|457
422|354
427|361
424|368
412|365
421|367
449|478
419|371
473|317
412|367
421|370
408|368
430|372
470|422
511|307
414|363
420|367
424|365
448|479
480|320
424|363
410|375
529|323
427|358
413|366
509|308
481|323
473|320
412|375
476|320
473|313
417|364
478|317
471|315
461|317
417|366
462|323
412|383
481|315
409|368
475|313
479|315
461|316
485|319
503|317
528|320
495|327
521|306
487|317
523|489
484|321
503|318
500|317
483|315
485|322
475|324
478|313
481|313
501|310
416|375
404|340
523|490
483|316
415|373
510|308
501|334
470|311
486|322
485|312
521|321
417|380
503|328
494|330
473|324
478|322
414|376
467|320
414|381
463|328
467|322
466|327
418|371
508|411
427|357
460|464
458|462
457|458
391|341
587|332
393|352
566|324
555|324
386|359
394|342
556|357
565|339
387|356
600|371
380|350
563|346
563|339
378|361
403|363
559|338
563|349
401|361
555|372
565|352
561|350
553|371
399|359
558|340
553|372
554|345
559|352
551|372
405|363
397|364
556|346
553|353
553|354
549|378
559|452
556|443
558|453
436|459
469|481
453|481
623|413
630|379
630|377
622|414
628|383
625|386
578|354
631|418
574|361
588|364
498|421
582|351
613|389
607|390
505|351
504|351
609|390
583|363
507|365
579|367
489|416
510|359
481|419
498|358
523|340
480|422
517|349
517|353
497|362
516|350
514|350
519|340
496|355
520|353
501|357
519|343
536|350
511|351
505|352
520|342
500|357
501|359
518|342
505|357
504|359
502|359
511|356
522|343
509|361
506|358
508|357
506|356
495|355
506|361
403|405
394|403
399|401
407|402
397|409
400|405
392|395
490|320
493|325
492|344
493|363
427|444
495|376
501|416
491|369
490|318
512|417
498|372
481|304
498|304
513|409
393|394
410|402
411|396
393|409
397|401
420|369
565|390
598|407
598|409
599|512
646|459
591|479
592|480
648|468
632|461
667|464
673|475
603|482
591|477
591|478
598|487
602|488
631|436
633|468
633|445
637|440
604|499
623|460
644|466
628|437
635|482
643|473
635|481
643|477
636|477
632|467
630|468
633|467
634|454
629|470
636|463
630|442
646|471
634|436
645|461
633|469
630|444
633|487
642|474
600|497
631|478
639|481
654|432
636|459
635|463
628|452
654|452
653|463
606|472
595|475
605|477
639|437
605|469
665|446
610|473
651|413
607|472
592|512
507|352
479|430
518|344
483|422
471|420
482|422
470|400
489|423
486|422
511|361
470|403
479|429
507|363
492|423
479|418
480|429
497|360
521|344
499|363
520|340
477|425
510|364
479|421
494|358
508|363
484|430
508|353
518|362
518|358
520|350
514|360
516|353
416|369
394|361
380|367
399|349
418|375
413|374
399|348
401|347
461|428
396|345
398|343
397|341
605|476
671|534
662|548
609|410
537|589
551|566
553|560
547|569
617|386
618|389
643|537
650|601
643|556
658|540
642|554
655|528
653|517
628|549
627|576
437|376
535|351
535|352
584|518
584|525
587|523
436|377
559|339
583|528
647|528
646|523
540|352
537|354
426|386
593|478
589|471
430|385
429|386
590|471
605|562
534|356
553|538
635|422
577|426
598|568
680|527
601|554
520|495
602|556
613|529
660|537
551|539
597|555
569|538
656|512
550|539
619|574
656|527
626|532
663|521
663|541
519|499
662|515
645|519
663|517
663|522
599|440
606|454
596|448
588|473
603|456
616|412
618|413
589|479
603|488
533|555
623|495
621|494
577|526
578|527
622|521
569|530
667|491
646|469
537|532
531|482
591|497
583|492
589|497
584|493
580|493
576|494
589|501
589|504
580|494
580|495
587|500
587|501
579|519
580|497
585|500
583|500
576|516
572|513
588|557
582|504
528|493
576|567
581|507
545|521
524|536
522|540
546|543
545|544
617|441
621|436
617|438
616|437
616|438
607|438
614|438
610|439
609|439
608|452
607|450
603|445
579|478
559|532
451|440
449|445
480|498
561|506
617|424
550|495
427|391
594|476
594|464
591|471
501|527
583|388
623|528
571|389
554|502
542|499
506|342
553|368
448|427
448|426
458|379
587|490
517|416
563|393
577|331
582|381
610|413
540|420
570|327
578|330
530|475
515|412
605|420
518|409
529|475
580|381
626|433
591|325
576|483
604|504
518|396
628|494
635|485
635|493
631|439
619|441
569|445
665|496
672|429
661|393
670|389
639|395
652|395
662|420
648|403
666|390
668|398
627|386
656|376
665|456
670|398
634|433
667|404
654|450
666|461
621|417
648|452
649|452
638|432
558|494
666|493
680|487
562|378
670|544
598|474
591|464
650|432
587|469
637|427
674|551
594|460
660|418
593|465
587|467
591|462
586|467
523|380
583|461
604|477
599|473
595|473
595|469
595|465
584|461
588|463
579|485
619|416
592|465
643|435
591|460
582|464
596|469
572|474
592|474
596|472
583|463
603|470
591|454
592|462
674|546
579|493
580|491
678|547
611|425
610|425
415|380
632|375
607|509
583|482
639|372
672|495
518|425
662|417
592|468
675|495
648|424
592|469
590|473
654|422
590|474
599|470
600|474
595|468
595|474
593|469
597|468
591|469
595|467
596|467
654|415
690|476
531|473
532|478
539|443
431|435
566|513
403|356
653|439
634|378
644|413
640|407
611|510
686|473
689|476
691|480
508|443
382|420
382|421
508|445
376|421
375|431
378|430
368|411
369|411
367|425
368|426
375|412
378|412
367|420
370|415
373|438
372|414
369|425
373|414
372|415
374|416
374|419
375|419
422|371
469|398
367|438
364|442
395|353
412|362
438|382
437|384
441|393
454|401
453|401
437|390
453|400
407|416
437|400
396|419
396|415
400|421
443|407
443|406
406|420
405|418
401|418
395|423
395|427
397|419
402|418
399|419
395|424
397|430
